1.000000000000000000e+00 3.129212001524399511e+01
2.000000000000000000e+00 3.287336824626599707e+01
3.000000000000000000e+00 6.332100612159376141e+01
4.000000000000000000e+00 1.595339075048642918e+01
5.000000000000000000e+00 7.296266333323012532e+01
6.000000000000000000e+00 3.532437226856693968e+01
7.000000000000000000e+00 4.666755458750637686e+00
8.000000000000000000e+00 8.867213852367493132e+01
9.000000000000000000e+00 1.276751982987165412e+01
1.000000000000000000e+01 4.931028024251419595e+01
1.100000000000000000e+01 8.146469059251926126e+01
1.200000000000000000e+01 6.555370522564140856e+01
1.300000000000000000e+01 5.271237438422645738e+01
1.400000000000000000e+01 5.273799062439869090e+01
1.500000000000000000e+01 8.279440349581420833e+01
1.600000000000000000e+01 1.933090561875413371e+01
1.700000000000000000e+01 9.714321131069773685e+01
1.800000000000000000e+01 4.566548332710629765e+00
1.900000000000000000e+01 9.375199091309832511e+01
2.000000000000000000e+01 3.605039467737623937e+01
2.100000000000000000e+01 9.521475649459615909e+01
2.200000000000000000e+01 3.177181700172830858e+01
2.300000000000000000e+01 2.971584007513794390e+01
2.400000000000000000e+01 4.163557036939238287e+01
2.500000000000000000e+01 6.236186370647365607e+01
2.600000000000000000e+01 9.214100077622416052e+01
2.700000000000000000e+01 6.165131431077976742e+01
2.800000000000000000e+01 7.957216526546136492e+01
2.900000000000000000e+01 7.543469062580624040e+01
3.000000000000000000e+01 5.556417426022338901e+01
3.100000000000000000e+01 5.365836434060214799e+01
3.200000000000000000e+01 1.290660987441387775e+01
3.300000000000000000e+01 7.396133907193035384e+01
3.400000000000000000e+01 3.803189665389086116e+01
3.500000000000000000e+01 9.653325201309912984e+01
3.600000000000000000e+01 4.734958526494064301e+01
3.700000000000000000e+01 1.145156400127744778e+00
3.800000000000000000e+01 5.524352123085481736e+01
3.900000000000000000e+01 5.328394683398071408e+01
4.000000000000000000e+01 7.573092108661306554e+01
4.100000000000000000e+01 3.704732718242090073e+01
4.200000000000000000e+01 1.364601355229533297e+01
4.300000000000000000e+01 5.727884917028232081e+01
4.400000000000000000e+01 8.646197478023496785e+01
4.500000000000000000e+01 5.933216802320499994e+01
4.600000000000000000e+01 9.307507423072453889e+01
4.700000000000000000e+01 2.992102066647695935e+01
4.800000000000000000e+01 1.902462019763440093e+00
4.900000000000000000e+01 9.307952257217996817e+01
5.000000000000000000e+01 2.279080584182708691e+01
5.100000000000000000e+01 2.218234537754561941e+01
5.200000000000000000e+01 8.570708520560026500e+01
5.300000000000000000e+01 4.445545476603039958e+01
5.400000000000000000e+01 7.972236134082216097e+01
5.500000000000000000e+01 1.631967679490466949e+01
5.600000000000000000e+01 8.743084412540805772e+01
5.700000000000000000e+01 3.695261067182244119e+01
5.800000000000000000e+01 3.914775776938525098e+01
5.900000000000000000e+01 6.897842621043814404e+00
6.000000000000000000e+01 6.492480872777296952e+01
6.100000000000000000e+01 3.121945128374976619e+01
6.200000000000000000e+01 5.870300996008480610e+01
6.300000000000000000e+01 4.857426666584393615e+01
6.400000000000000000e+01 8.154373143561829806e+01
6.500000000000000000e+01 5.678126401947844926e+01
6.600000000000000000e+01 7.717426454167252814e+01
6.700000000000000000e+01 3.722565973450364663e+00
6.800000000000000000e+01 5.912790206702851492e+01
6.900000000000000000e+01 6.039839923143436096e+01
7.000000000000000000e+01 2.158787102605679209e+01
7.100000000000000000e+01 3.158640329029855920e+01
7.200000000000000000e+01 1.646331526153321789e+00
7.300000000000000000e+01 9.553893506751511211e+01
7.400000000000000000e+01 8.548731076489889347e+01
7.500000000000000000e+01 5.549703152005920259e+01
7.600000000000000000e+01 5.315498841013699405e+01
7.700000000000000000e+01 8.417485787346403470e+01
7.800000000000000000e+01 3.963381037646485083e+01
7.900000000000000000e+01 8.150248077716338457e+01
8.000000000000000000e+01 6.239058444749381493e+01
8.100000000000000000e+01 9.675455095654480431e+01
8.200000000000000000e+01 2.678059964334164178e+01
8.300000000000000000e+01 2.681690118576807169e+00
8.400000000000000000e+01 5.677101923873666323e+01
8.500000000000000000e+01 2.318533071388219113e+01
8.600000000000000000e+01 9.630014146472470316e+01
8.700000000000000000e+01 3.514142652389637789e+01
8.800000000000000000e+01 9.684936069876313525e+01
8.900000000000000000e+01 7.394294818691358273e+01
9.000000000000000000e+01 3.634160481694151912e+01
9.100000000000000000e+01 3.982849327243808091e+01
9.200000000000000000e+01 4.314877735998538100e+01
9.300000000000000000e+01 7.662138848529171753e+01
9.400000000000000000e+01 8.478747787496561727e+01
9.500000000000000000e+01 7.470268677690548031e+01
9.600000000000000000e+01 7.303865685961798704e+01
9.700000000000000000e+01 5.880221307951021004e+01
9.800000000000000000e+01 7.925746197707495355e+01
9.900000000000000000e+01 3.996671116311074456e+01
1.000000000000000000e+02 3.118927578682879442e+01
