1.000000000000000000e+00 1.633809262190813882e+01
2.000000000000000000e+00 9.929693080615841438e+00
3.000000000000000000e+00 6.169204745595364869e+01
4.000000000000000000e+00 5.148008459395227732e+01
5.000000000000000000e+00 5.058179167853660729e+00
6.000000000000000000e+00 5.075989633938290524e+01
7.000000000000000000e+00 6.390267076842546601e+01
8.000000000000000000e+00 5.146302008288716934e+01
9.000000000000000000e+00 4.475809972014847204e+01
1.000000000000000000e+01 1.734556842019283707e+01
1.100000000000000000e+01 2.516805444507865985e+01
1.200000000000000000e+01 5.591644462038415497e+01
1.300000000000000000e+01 2.473084838330020929e+01
1.400000000000000000e+01 6.104211472334781519e+01
1.500000000000000000e+01 2.694641972432967236e+01
1.600000000000000000e+01 7.263473089142136629e+00
1.700000000000000000e+01 9.503179351502328132e+01
1.800000000000000000e+01 8.108460356597613838e+01
1.900000000000000000e+01 5.293209627259487959e+00
2.000000000000000000e+01 8.542319611315501504e+01
2.100000000000000000e+01 5.194523286083397551e+01
2.200000000000000000e+01 9.417509680508790382e+01
2.300000000000000000e+01 5.625163839702847923e+01
2.400000000000000000e+01 3.917557474637413861e+01
2.500000000000000000e+01 3.075305604781255653e+01
2.600000000000000000e+01 7.400259153790814537e+01
2.700000000000000000e+01 4.945347664886357109e+01
2.800000000000000000e+01 3.442157933688687876e+01
2.900000000000000000e+01 9.920026045380285495e+01
3.000000000000000000e+01 5.338871209884932512e+01
3.100000000000000000e+01 7.209353785257681579e+01
3.200000000000000000e+01 5.254695199293488628e+01
3.300000000000000000e+01 4.195755978941407704e+01
3.400000000000000000e+01 8.546266637074207750e+00
3.500000000000000000e+01 9.817351965628772348e+01
3.600000000000000000e+01 7.386810887008515181e+01
3.700000000000000000e+01 2.389034779507178641e+01
3.800000000000000000e+01 7.692858816814248257e+01
3.900000000000000000e+01 7.901524578483348193e+01
4.000000000000000000e+01 5.708745985182395088e+01
4.100000000000000000e+01 4.252727281945715276e+01
4.200000000000000000e+01 7.583400862061454006e+01
4.300000000000000000e+01 1.263825911941412983e+01
4.400000000000000000e+01 1.324876935971674996e+00
4.500000000000000000e+01 4.672387254213625596e+01
4.600000000000000000e+01 2.234709530377234543e+01
4.700000000000000000e+01 4.271121746231904837e+01
4.800000000000000000e+01 5.535811993636645667e+01
4.900000000000000000e+01 2.740431342029985373e+01
5.000000000000000000e+01 7.097836752321784104e+01
5.100000000000000000e+01 4.078696286251449976e+01
5.200000000000000000e+01 1.093911703108304501e+01
5.300000000000000000e+01 4.028669284428698916e+01
5.400000000000000000e+01 2.063285760583877249e+01
5.500000000000000000e+01 3.115353009341523816e+01
5.600000000000000000e+01 6.884194023035693988e+01
5.700000000000000000e+01 5.265084999450180447e+01
5.800000000000000000e+01 9.051876780845437054e+01
5.900000000000000000e+01 4.924663575187462072e+01
6.000000000000000000e+01 9.020666248492435102e+01
6.100000000000000000e+01 4.621769611122732613e+01
6.200000000000000000e+01 5.415779618360527792e+00
6.300000000000000000e+01 5.199577650570008558e+01
6.400000000000000000e+01 2.821585464871063564e+01
6.500000000000000000e+01 8.829397151509074604e+01
6.600000000000000000e+01 5.679751858672689480e+01
6.700000000000000000e+01 4.649908927693478233e+01
6.800000000000000000e+01 5.656346298454084653e+00
6.900000000000000000e+01 5.518881851749212331e+01
7.000000000000000000e+01 3.419102433568904331e+01
7.100000000000000000e+01 2.473700786437397170e+01
7.200000000000000000e+01 8.710619475580303117e+01
7.300000000000000000e+01 8.424976105485907851e+01
7.400000000000000000e+01 1.140230660079736325e+01
7.500000000000000000e+01 5.457971539918280257e+01
7.600000000000000000e+01 9.617421671897058388e+01
7.700000000000000000e+01 2.503533841052941611e+01
7.800000000000000000e+01 3.158899271240219875e+01
7.900000000000000000e+01 3.075136806701704728e+01
8.000000000000000000e+01 8.270554189193813244e+00
8.100000000000000000e+01 7.423784668960597344e+01
8.200000000000000000e+01 3.125825106631840811e+01
8.300000000000000000e+01 6.573488890646342497e+01
8.400000000000000000e+01 7.387906990980633282e+01
8.500000000000000000e+01 9.346282516216577108e+01
8.600000000000000000e+01 6.144501414835119846e+01
8.700000000000000000e+01 1.914542973876335452e+01
8.800000000000000000e+01 4.998539110902386540e+01
8.900000000000000000e+01 9.813756356798815261e+01
9.000000000000000000e+01 1.457748816223257649e+01
9.100000000000000000e+01 7.432593377762927389e+01
9.200000000000000000e+01 7.540378591210843240e+01
9.300000000000000000e+01 8.330357556383341944e+01
9.400000000000000000e+01 5.440934502854803867e+01
9.500000000000000000e+01 8.097973042779329944e+01
9.600000000000000000e+01 9.188726656793488878e-01
9.700000000000000000e+01 5.224280345300280715e+01
9.800000000000000000e+01 6.648269651371239775e+01
9.900000000000000000e+01 8.222895889398461833e+00
1.000000000000000000e+02 1.804120146546877024e+01
